0.01 5000
0.02 5000
0.03 5000
0.04 5000
0.05 5000
0.06 5010
0.07 5000
0.08 5000
0.09 5010
0.1 5000
0.11 5000
0.12 5000
0.13 5010
0.14 5030
0.15 5010
0.16 5020
0.17 5020
0.18 5020
0.19 5030
0.2 5040
0.21 5070
0.22 5020
0.23 5050
0.24 5100
0.25 5060
0.26 5090
0.27 5090
0.28 5080
0.29 5090
0.3 5110
0.31 5120
0.32 5110
0.33 5120
0.34 5260
0.35 5260
0.36 5250
0.37 5350
0.38 5270
0.39 5350
0.4 5400
0.41 5380
0.42 5280
0.43 5460
0.44 5440
0.45 5660
0.46 5560
0.47 5520
0.48 5530
0.49 5820
0.5 5820
0.51 5710
0.52 5680
0.53 5770
0.54 5790
0.55 5970
0.56 6150
0.57 6090
0.58 6190
0.59 6490
0.6 6300
0.61 6640
0.62 6440
0.63 6610
0.64 6790
0.65 7030
0.66 6880
0.67 7130
0.68 7630
0.69 7690
0.7 7550
0.71 7410
0.72 8520
0.73 8630
0.74 8660
0.75 8640
0.76 8730
0.77 8660
0.78 9370
0.79 10100
0.8 9840
0.81 10310
0.82 11120
0.83 11880
0.84 12040
0.85 12120
0.86 13050
0.87 15390
0.88 16140
0.89 16320
0.9 17470
0.91 20380
0.92 23980
0.93 24840
0.94 28990
0.95 34150
